11111111
10000001
00000001
00010011
00000000
00000001
00100010
00100011
00000000
00000001
00100000
00100011
00000000
00000000
00000100
10010011
00000000
00000000
00000010
10010011
00000000
10100000
00000011
00010011
00000000
01100010
10100011
10110011
00000000
00000011
10001000
01100011
00000000
01010100
10000100
10110011
00000000
00010010
10000010
10010011
11111110
00000000
00001000
11100011
00000000
10010001
00100000
00100011
00000000
00000001
00100100
00000011
00000000
10000001
00000001
00010011
11111110
00000000
00001010
11100011
